+--------------+----------+--------------+-----------------------+----------------------+-------------------+----------------+-----------------------+-------------------+--------------+
| Problem size | Instance | Tot. airtime | Tot. calculation time | Data generation time | Add vertices time | Add edges time | Topological sort time | Path finding time |     q(n)     |
+--------------+----------+--------------+-----------------------+----------------------+-------------------+----------------+-----------------------+-------------------+--------------+
|     500      |    1     |    30000     |      0.04524829       |     0.000195846      |    0.002144335    |   0.04091882   |      0.001826175      |     4.459e-05     | 1.1932470119 |
+--------------+----------+--------------+-----------------------+----------------------+-------------------+----------------+-----------------------+-------------------+--------------+
|     500      |    2     |    30000     |      0.039118891      |      7.7686e-05      |    0.000684365    |  0.036249759   |      0.001972766      |    5.7529e-05     | 1.0316080407 |
+--------------+----------+--------------+-----------------------+----------------------+-------------------+----------------+-----------------------+-------------------+--------------+
|     500      |    3     |    30000     |      0.040147881      |      9.7589e-05      |    0.00062613     |  0.037308534   |      0.001930226      |    4.4143e-05     | 1.0587436351 |
+--------------+----------+--------------+-----------------------+----------------------+-------------------+----------------+-----------------------+-------------------+--------------+
|     500      |    4     |    30000     |      0.039378968      |      5.9962e-05      |    0.000553959    |  0.036739292   |      0.00185506       |    9.5291e-05     | 1.0384665563 |
+--------------+----------+--------------+-----------------------+----------------------+-------------------+----------------+-----------------------+-------------------+--------------+
|     500      |    5     |    30000     |      0.040908963      |      6.1808e-05      |    0.000762533    |  0.037985779   |      0.001938531      |    6.4181e-05     | 1.0788142018 |
+--------------+----------+--------------+-----------------------+----------------------+-------------------+----------------+-----------------------+-------------------+--------------+
|     500      |    6     |    30000     |      0.039074235      |      5.8874e-05      |     0.0005441     |  0.036297313   |      0.002021648      |    7.1078e-05     | 1.0304304131 |
+--------------+----------+--------------+-----------------------+----------------------+-------------------+----------------+-----------------------+-------------------+--------------+
|     500      |    7     |    30000     |      0.040497616      |      6.1169e-05      |    0.000621308    |  0.037796194   |      0.001890908      |    6.6498e-05     | 1.0679665304 |
+--------------+----------+--------------+-----------------------+----------------------+-------------------+----------------+-----------------------+-------------------+--------------+
|     500      |    8     |    30000     |      0.037388282      |      7.4079e-05      |    0.000629173    |  0.034797407   |      0.001771045      |    6.1562e-05     | 0.9859699842 |
+--------------+----------+--------------+-----------------------+----------------------+-------------------+----------------+-----------------------+-------------------+--------------+
|     500      |    9     |    30000     |      0.037988603      |      5.8386e-05      |    0.000550564    |  0.035384399   |      0.001853995      |     6.337e-05     | 1.0018011071 |
+--------------+----------+--------------+-----------------------+----------------------+-------------------+----------------+-----------------------+-------------------+--------------+
|     500      |    10    |    30000     |      0.038695378      |      7.2359e-05      |    0.000562229    |  0.035791377   |      0.002145767      |     5.86e-05      | 1.0204395386 |
+--------------+----------+--------------+-----------------------+----------------------+-------------------+----------------+-----------------------+-------------------+--------------+
|     500      | average  |   30000.0    |     0.0398447107      |     8.17758e-05      |   0.0007678696    |  0.0369268874  |     0.0019206121      |    6.26842e-05    | 1.0507487019 |
+--------------+----------+--------------+-----------------------+----------------------+-------------------+----------------+-----------------------+-------------------+--------------+
|     1000     |    1     |    30000     |      0.150496034      |     0.000125117      |    0.001248653    |  0.142085998   |      0.006839813      |    0.000129924    | 0.9921863504 |
+--------------+----------+--------------+-----------------------+----------------------+-------------------+----------------+-----------------------+-------------------+--------------+
|     1000     |    2     |    30000     |      0.150178226      |     0.000127801      |    0.001183033    |  0.141795895   |      0.00685527       |    0.00013966     | 0.9900911141 |
+--------------+----------+--------------+-----------------------+----------------------+-------------------+----------------+-----------------------+-------------------+--------------+
|     1000     |    3     |    30000     |      0.151191802      |     0.000119224      |    0.001150747    |  0.142984976   |      0.006729524      |    0.000146406    | 0.9967733916 |
+--------------+----------+--------------+-----------------------+----------------------+-------------------+----------------+-----------------------+-------------------+--------------+
|     1000     |    4     |    30000     |      0.149403478      |     0.000122445      |    0.001077083    |  0.140902771   |      0.007085131      |    0.000140887    | 0.9849833755 |
+--------------+----------+--------------+-----------------------+----------------------+-------------------+----------------+-----------------------+-------------------+--------------+
|     1000     |    5     |    30000     |      0.147685907      |     0.000131166      |    0.001147588    |  0.139645544   |      0.006575701      |    0.000126534    | 0.973659818  |
+--------------+----------+--------------+-----------------------+----------------------+-------------------+----------------+-----------------------+-------------------+--------------+
|     1000     |    6     |    30000     |      0.150334339      |     0.000130987      |     0.0011881     |   0.1419279    |      0.006855613      |    0.000154195    | 0.9911203318 |
+--------------+----------+--------------+-----------------------+----------------------+-------------------+----------------+-----------------------+-------------------+--------------+
|     1000     |    7     |    30000     |      0.149591546      |     0.000128589      |    0.001156872    |  0.141627319   |      0.006490368      |    0.000129287    | 0.9862232654 |
+--------------+----------+--------------+-----------------------+----------------------+-------------------+----------------+-----------------------+-------------------+--------------+
|     1000     |    8     |    30000     |      0.148376378      |     0.000126966      |     0.0011053     |  0.139884057   |      0.007007724      |    0.000178297    | 0.9782119373 |
+--------------+----------+--------------+-----------------------+----------------------+-------------------+----------------+-----------------------+-------------------+--------------+
|     1000     |    9     |    30000     |      0.149802196      |     0.000126527      |    0.001375364    |  0.141020631   |      0.007071024      |    0.000119012    | 0.9876120332 |
+--------------+----------+--------------+-----------------------+----------------------+-------------------+----------------+-----------------------+-------------------+--------------+
|     1000     |    10    |    30000     |      0.14910174       |     0.000123902      |    0.001143746    |  0.140739477   |      0.006884939      |    0.000140328    | 0.9829940851 |
+--------------+----------+--------------+-----------------------+----------------------+-------------------+----------------+-----------------------+-------------------+--------------+
|     1000     | average  |   30000.0    |     0.1496161646      |     0.0001262724     |   0.0011776486    |  0.1412614568  |     0.0068395107      |    0.000140453    | 0.9863855702 |
+--------------+----------+--------------+-----------------------+----------------------+-------------------+----------------+-----------------------+-------------------+--------------+
|     1500     |    1     |    30000     |      0.333345075      |     0.000170531      |    0.001647398    |  0.315940592   |      0.01529549       |    0.000208622    | 0.976741674  |
+--------------+----------+--------------+-----------------------+----------------------+-------------------+----------------+-----------------------+-------------------+--------------+
|     1500     |    2     |    30000     |      0.343045627      |     0.000229351      |    0.001976163    |  0.325524002   |      0.015062357      |    0.000179302    | 1.0051654729 |
+--------------+----------+--------------+-----------------------+----------------------+-------------------+----------------+-----------------------+-------------------+--------------+
|     1500     |    3     |    30000     |      0.336006363      |     0.000183215      |    0.002072628    |  0.318483266   |      0.014945454      |    0.000225251    | 0.984539572  |
+--------------+----------+--------------+-----------------------+----------------------+-------------------+----------------+-----------------------+-------------------+--------------+
|     1500     |    4     |    30000     |      0.332529998      |     0.000193738      |    0.002024518    |  0.314094697   |      0.01582888       |    0.000307893    | 0.9743533991 |
+--------------+----------+--------------+-----------------------+----------------------+-------------------+----------------+-----------------------+-------------------+--------------+
|     1500     |    5     |    30000     |      0.345325138      |     0.000181909      |    0.001736131    |  0.328060676   |      0.015045042      |    0.000214446    | 1.0118447178 |
+--------------+----------+--------------+-----------------------+----------------------+-------------------+----------------+-----------------------+-------------------+--------------+
|     1500     |    6     |    30000     |      0.339625668      |     0.000183784      |    0.001785967    |  0.322333728   |      0.01502373       |    0.000229761    | 0.9951445765 |
+--------------+----------+--------------+-----------------------+----------------------+-------------------+----------------+-----------------------+-------------------+--------------+
|     1500     |    7     |    30000     |      0.334107336      |     0.000191613      |    0.001616098    |  0.316386626   |      0.015581169      |    0.000230372    | 0.9789751915 |
+--------------+----------+--------------+-----------------------+----------------------+-------------------+----------------+-----------------------+-------------------+--------------+
|     1500     |    8     |    30000     |      0.334216945      |     0.000180895      |    0.001797862    |  0.315934047   |      0.015883356      |    0.000284119    | 0.9792963593 |
+--------------+----------+--------------+-----------------------+----------------------+-------------------+----------------+-----------------------+-------------------+--------------+
|     1500     |    9     |    30000     |      0.342810362      |     0.000181745      |     0.0017121     |  0.324028417   |      0.016579284      |    0.000203382    | 1.0044761178 |
+--------------+----------+--------------+-----------------------+----------------------+-------------------+----------------+-----------------------+-------------------+--------------+
|     1500     |    10    |    30000     |      0.350423294      |     0.000196337      |    0.001725106    |  0.333302483   |      0.014911048      |    0.00020631     | 1.0267829359 |
+--------------+----------+--------------+-----------------------+----------------------+-------------------+----------------+-----------------------+-------------------+--------------+
|     1500     | average  |   30000.0    |     0.3391435806      |     0.0001893118     |   0.0018093971    |  0.3214088534  |      0.015415581      |   0.0002289458    | 0.9937320017 |
+--------------+----------+--------------+-----------------------+----------------------+-------------------+----------------+-----------------------+-------------------+--------------+
|     2000     |    1     |    30000     |      0.604254519      |     0.000291284      |    0.002661638    |  0.572451607   |      0.028399097      |    0.000341831    | 0.9959283809 |
+--------------+----------+--------------+-----------------------+----------------------+-------------------+----------------+-----------------------+-------------------+--------------+
|     2000     |    2     |    30000     |      0.615322972      |     0.000324816      |    0.003495947    |  0.581998058   |      0.02887288       |    0.000474234    | 1.0141713334 |
+--------------+----------+--------------+-----------------------+----------------------+-------------------+----------------+-----------------------+-------------------+--------------+
|     2000     |    3     |    30000     |      0.606619569      |     0.000269562      |    0.004116744    |  0.572634708   |      0.028955548      |    0.000507306    | 0.999826441  |
+--------------+----------+--------------+-----------------------+----------------------+-------------------+----------------+-----------------------+-------------------+--------------+
|     2000     |    4     |    30000     |      0.617156256      |     0.000268814      |    0.002829676    |  0.584097166   |      0.029254836      |    0.000540517    | 1.0171929402 |
+--------------+----------+--------------+-----------------------+----------------------+-------------------+----------------+-----------------------+-------------------+--------------+
|     2000     |    5     |    30000     |      0.60655615       |     0.000611899      |    0.00327905     |  0.572933699   |      0.028886394      |    0.000583467    | 0.9997219142 |
+--------------+----------+--------------+-----------------------+----------------------+-------------------+----------------+-----------------------+-------------------+--------------+
|     2000     |    6     |    30000     |      0.603752741      |     0.000461232      |    0.003426042    |  0.570484927   |      0.028849302      |    0.000351122    | 0.9951013537 |
+--------------+----------+--------------+-----------------------+----------------------+-------------------+----------------+-----------------------+-------------------+--------------+
|     2000     |    7     |    30000     |      0.627383819      |     0.000223881      |    0.002761402    |  0.594624336   |      0.028786493      |    0.00082832     | 1.0340499433 |
+--------------+----------+--------------+-----------------------+----------------------+-------------------+----------------+-----------------------+-------------------+--------------+
|     2000     |    8     |    30000     |      0.599747552      |     0.000260069      |    0.002707857    |  0.569431571   |      0.026934494      |    0.000322447    | 0.9885000272 |
+--------------+----------+--------------+-----------------------+----------------------+-------------------+----------------+-----------------------+-------------------+--------------+
|     2000     |    9     |    30000     |      0.607954984      |     0.000233622      |    0.002668776    |  0.574388858   |      0.029567493      |    0.000884777    | 1.0020274634 |
+--------------+----------+--------------+-----------------------+----------------------+-------------------+----------------+-----------------------+-------------------+--------------+
|     2000     |    10    |    30000     |      0.613193201      |      0.00031914      |    0.002834051    |  0.581493505   |      0.027885778      |    0.000515958    | 1.0106610587 |
+--------------+----------+--------------+-----------------------+----------------------+-------------------+----------------+-----------------------+-------------------+--------------+
|     2000     | average  |   30000.0    |     0.6101941763      |     0.0003264319     |   0.0030781183    |  0.5774538435  |     0.0286392315      |   0.0005349979    | 1.0057180856 |
+--------------+----------+--------------+-----------------------+----------------------+-------------------+----------------+-----------------------+-------------------+--------------+
|     2500     |    1     |    30000     |      0.950097044      |     0.000276078      |    0.00333393     |  0.900854686   |      0.044921973      |    0.000575709    | 1.0022040247 |
+--------------+----------+--------------+-----------------------+----------------------+-------------------+----------------+-----------------------+-------------------+--------------+
|     2500     |    2     |    30000     |      0.950975442      |     0.000481701      |    0.003293361    |  0.902074761   |      0.044591992      |    0.000426542    | 1.0031305974 |
+--------------+----------+--------------+-----------------------+----------------------+-------------------+----------------+-----------------------+-------------------+--------------+
|     2500     |    3     |    30000     |      0.965498394      |     0.000287881      |    0.003076636    |  0.899532408   |      0.062071258      |    0.000430014    | 1.0184500441 |
+--------------+----------+--------------+-----------------------+----------------------+-------------------+----------------+-----------------------+-------------------+--------------+
|     2500     |    4     |    30000     |      0.97870196       |     0.000333534      |    0.003941113    |  0.921225442   |      0.052560368      |    0.000482213    | 1.0323777445 |
+--------------+----------+--------------+-----------------------+----------------------+-------------------+----------------+-----------------------+-------------------+--------------+
|     2500     |    5     |    30000     |      0.94630468       |     0.000330507      |    0.003284111    |  0.897228978   |      0.044960648      |    0.000410153    | 0.9982036729 |
+--------------+----------+--------------+-----------------------+----------------------+-------------------+----------------+-----------------------+-------------------+--------------+
|     2500     |    6     |    30000     |      0.955062265      |     0.000476242      |    0.003039184    |  0.906085748   |      0.044941113      |    0.000398472    | 1.0074415576 |
+--------------+----------+--------------+-----------------------+----------------------+-------------------+----------------+-----------------------+-------------------+--------------+
|     2500     |    7     |    30000     |      0.954313211      |     0.000315253      |    0.00341704     |  0.904703485   |      0.045298059      |    0.000443022    | 1.0066514226 |
+--------------+----------+--------------+-----------------------+----------------------+-------------------+----------------+-----------------------+-------------------+--------------+
|     2500     |    8     |    30000     |      0.979953961      |     0.000299528      |    0.004141789    |  0.930123332   |      0.044900764      |    0.00038584     |  1.03369841  |
+--------------+----------+--------------+-----------------------+----------------------+-------------------+----------------+-----------------------+-------------------+--------------+
|     2500     |    9     |    30000     |      0.970205959      |     0.000322873      |    0.003267442    |  0.921286452   |      0.044818821      |    0.000396302    | 1.0234157901 |
+--------------+----------+--------------+-----------------------+----------------------+-------------------+----------------+-----------------------+-------------------+--------------+
|     2500     |    10    |    30000     |      0.987785518      |     0.000283277      |    0.003317568    |  0.938311018   |      0.045336503      |    0.000440651    | 1.0419594798 |
+--------------+----------+--------------+-----------------------+----------------------+-------------------+----------------+-----------------------+-------------------+--------------+
|     2500     | average  |   30000.0    |     0.9638898434      |     0.0003406874     |   0.0034112174    |  0.912142631   |     0.0474401499      |   0.0004388918    | 1.0167532744 |
+--------------+----------+--------------+-----------------------+----------------------+-------------------+----------------+-----------------------+-------------------+--------------+
|     3000     |    1     |    30000     |       1.3759035       |     0.000342415      |    0.004093887    |  1.307551511   |      0.063300601      |    0.000516566    | 1.0078912129 |
+--------------+----------+--------------+-----------------------+----------------------+-------------------+----------------+-----------------------+-------------------+--------------+
|     3000     |    2     |    30000     |      1.385029428      |     0.000386369      |    0.004020894    |  1.315073438   |      0.064942791      |    0.000484782    | 1.014576233  |
+--------------+----------+--------------+-----------------------+----------------------+-------------------+----------------+-----------------------+-------------------+--------------+
|     3000     |    3     |    30000     |      1.382351173      |     0.000374654      |    0.00400728     |  1.313927865   |      0.063371766      |    0.000540827    | 1.0126143297 |
+--------------+----------+--------------+-----------------------+----------------------+-------------------+----------------+-----------------------+-------------------+--------------+
|     3000     |    4     |    30000     |      1.392868486      |     0.000370005      |    0.00378443     |  1.323755398   |      0.064328827      |    0.000526207    | 1.0203185817 |
+--------------+----------+--------------+-----------------------+----------------------+-------------------+----------------+-----------------------+-------------------+--------------+
|     3000     |    5     |    30000     |      1.389808437      |     0.000357643      |    0.003874489    |  1.320858583   |      0.064099194      |    0.000514179    | 1.0180770027 |
+--------------+----------+--------------+-----------------------+----------------------+-------------------+----------------+-----------------------+-------------------+--------------+
|     3000     |    6     |    30000     |      1.43531219       |     0.000363716      |    0.003937563    |  1.366186279   |      0.064055316      |    0.000666459    | 1.0514098874 |
+--------------+----------+--------------+-----------------------+----------------------+-------------------+----------------+-----------------------+-------------------+--------------+
|     3000     |    7     |    30000     |      1.402667453      |     0.000373755      |    0.00456896     |  1.332730113   |      0.064322902      |    0.000554818    | 1.0274966235 |
+--------------+----------+--------------+-----------------------+----------------------+-------------------+----------------+-----------------------+-------------------+--------------+
|     3000     |    8     |    30000     |      1.394151527      |     0.000346044      |    0.003555415    |  1.325446818   |      0.064141563      |    0.000537707    | 1.0212584483 |
+--------------+----------+--------------+-----------------------+----------------------+-------------------+----------------+-----------------------+-------------------+--------------+
|     3000     |    9     |    30000     |      1.393475082      |     0.000344783      |    0.003908352    |  1.324545043   |      0.064037624      |    0.000521009    | 1.0207629318 |
+--------------+----------+--------------+-----------------------+----------------------+-------------------+----------------+-----------------------+-------------------+--------------+
|     3000     |    10    |    30000     |      1.387597469      |     0.000353463      |    0.003897401    |  1.316145793   |      0.066537564      |    0.000545973    | 1.0164574013 |
+--------------+----------+--------------+-----------------------+----------------------+-------------------+----------------+-----------------------+-------------------+--------------+
|     3000     | average  |   30000.0    |     1.3939164745      |     0.0003612847     |   0.0039648671    |  1.3246220841  |     0.0643138148      |   0.0005408527    | 1.0210862652 |
+--------------+----------+--------------+-----------------------+----------------------+-------------------+----------------+-----------------------+-------------------+--------------+
|     3500     |    1     |    30000     |      1.88617793       |     0.000445372      |    0.005279401    |  1.793267417   |      0.086413887      |    0.000659969    | 1.0151138731 |
+--------------+----------+--------------+-----------------------+----------------------+-------------------+----------------+-----------------------+-------------------+--------------+
|     3500     |    2     |    30000     |      1.883482903      |     0.000504505      |    0.005548389    |  1.789604308   |      0.087035182      |    0.00062592     | 1.0136634483 |
+--------------+----------+--------------+-----------------------+----------------------+-------------------+----------------+-----------------------+-------------------+--------------+
|     3500     |    3     |    30000     |      1.892031216      |      0.00040911      |    0.004446488    |  1.798406378   |      0.08798837       |    0.000672282    | 1.0182640276 |
+--------------+----------+--------------+-----------------------+----------------------+-------------------+----------------+-----------------------+-------------------+--------------+
|     3500     |    4     |    30000     |      1.881941891      |     0.000426573      |    0.005283744    |  1.789301538   |      0.086124999      |    0.000645387    | 1.0128340978 |
+--------------+----------+--------------+-----------------------+----------------------+-------------------+----------------+-----------------------+-------------------+--------------+
|     3500     |    5     |    30000     |      1.921808926      |      0.00040912      |    0.004421905    |  1.825868495   |      0.090324993      |    0.00065688     | 1.0342899635 |
+--------------+----------+--------------+-----------------------+----------------------+-------------------+----------------+-----------------------+-------------------+--------------+
|     3500     |    6     |    30000     |      1.873832065      |     0.000411838      |    0.004412187    |  1.782921523   |      0.085263688      |    0.000697023    | 1.0084695059 |
+--------------+----------+--------------+-----------------------+----------------------+-------------------+----------------+-----------------------+-------------------+--------------+
|     3500     |    7     |    30000     |      1.88278614       |     0.000394817      |    0.005448014    |  1.790699995   |      0.085408382      |    0.00069421     | 1.0132884605 |
+--------------+----------+--------------+-----------------------+----------------------+-------------------+----------------+-----------------------+-------------------+--------------+
|     3500     |    8     |    30000     |      1.881660807      |     0.000419682      |    0.004373828    |  1.789447725   |      0.086671835      |    0.000643707    | 1.0126828224 |
+--------------+----------+--------------+-----------------------+----------------------+-------------------+----------------+-----------------------+-------------------+--------------+
|     3500     |    9     |    30000     |      1.886352433      |     0.000407047      |    0.004408003    |  1.794394458   |      0.086394118      |    0.000638756    | 1.0152077881 |
+--------------+----------+--------------+-----------------------+----------------------+-------------------+----------------+-----------------------+-------------------+--------------+
|     3500     |    10    |    30000     |      1.870428457      |     0.000415124      |    0.005650264    |  1.778552047   |      0.085024888      |    0.000623802    | 1.006637733  |
+--------------+----------+--------------+-----------------------+----------------------+-------------------+----------------+-----------------------+-------------------+--------------+
|     3500     | average  |   30000.0    |     1.8860502768      |     0.0004243188     |   0.0049272223    |  1.7932463884  |     0.0866650342      |   0.0006557936    | 1.015045172  |
+--------------+----------+--------------+-----------------------+----------------------+-------------------+----------------+-----------------------+-------------------+--------------+
|     4000     |    1     |    30000     |      2.438765944      |     0.000475154      |    0.006314091    |  2.318637037   |      0.112474659      |    0.00075034     | 1.0048895547 |
+--------------+----------+--------------+-----------------------+----------------------+-------------------+----------------+-----------------------+-------------------+--------------+
|     4000     |    2     |    30000     |      2.435560628      |     0.000522981      |    0.006719717    |  2.317074231   |      0.110283646      |    0.000841204    | 1.0035688094 |
+--------------+----------+--------------+-----------------------+----------------------+-------------------+----------------+-----------------------+-------------------+--------------+
|     4000     |    3     |    30000     |      2.456072837      |     0.000507594      |    0.006531545    |  2.336353419   |      0.111870677      |    0.000692662    | 1.0120208319 |
+--------------+----------+--------------+-----------------------+----------------------+-------------------+----------------+-----------------------+-------------------+--------------+
|     4000     |    4     |    30000     |      2.437144697      |     0.000480065      |    0.005547569    |  2.316932718   |      0.113327627      |    0.000746918    | 1.0042215225 |
+--------------+----------+--------------+-----------------------+----------------------+-------------------+----------------+-----------------------+-------------------+--------------+
|     4000     |    5     |    30000     |      2.468999087      |     0.000501034      |    0.005529687    |   2.34862722   |      0.113363663      |    0.000863775    | 1.0173470723 |
+--------------+----------+--------------+-----------------------+----------------------+-------------------+----------------+-----------------------+-------------------+--------------+
|     4000     |    6     |    30000     |      2.497705683      |     0.000478623      |    0.005490225    |  2.381476456   |      0.109439223      |    0.000711606    | 1.0291755786 |
+--------------+----------+--------------+-----------------------+----------------------+-------------------+----------------+-----------------------+-------------------+--------------+
|     4000     |    7     |    30000     |      2.453561142      |     0.000479088      |    0.005587851    |  2.334526521   |      0.112073913      |    0.000782998    | 1.0109858921 |
+--------------+----------+--------------+-----------------------+----------------------+-------------------+----------------+-----------------------+-------------------+--------------+
|     4000     |    8     |    30000     |      2.43538701       |     0.000521067      |    0.006437959    |  2.315423161   |      0.112110217      |    0.00075977     | 1.0034972704 |
+--------------+----------+--------------+-----------------------+----------------------+-------------------+----------------+-----------------------+-------------------+--------------+
|     4000     |    9     |    30000     |      2.442638828      |     0.000509222      |    0.006201437    |  2.325751234   |      0.109334818      |    0.000726001    | 1.0064853703 |
+--------------+----------+--------------+-----------------------+----------------------+-------------------+----------------+-----------------------+-------------------+--------------+
|     4000     |    10    |    30000     |      2.423739172      |     0.000501298      |    0.005419945    |  2.306789475   |      0.110183287      |    0.000725653    | 0.9986977977 |
+--------------+----------+--------------+-----------------------+----------------------+-------------------+----------------+-----------------------+-------------------+--------------+
|     4000     | average  |   30000.0    |     2.4489575028      |     0.0004976126     |   0.0059780026    |  2.3301591472  |      0.111446173      |   0.0007600927    |  1.00908897  |
+--------------+----------+--------------+-----------------------+----------------------+-------------------+----------------+-----------------------+-------------------+--------------+
|     4500     |    1     |    30000     |      3.057338368      |     0.000522076      |    0.006771536    |  2.911700528   |      0.137458131      |    0.000755239    | 0.9953748697 |
+--------------+----------+--------------+-----------------------+----------------------+-------------------+----------------+-----------------------+-------------------+--------------+
|     4500     |    2     |    30000     |      3.066505141      |     0.000557758      |    0.006159855    |  2.920401461   |      0.138348456      |    0.000925077    | 0.9983592877 |
+--------------+----------+--------------+-----------------------+----------------------+-------------------+----------------+-----------------------+-------------------+--------------+
|     4500     |    3     |    30000     |      3.126436184      |     0.000574148      |    0.006101036    |  2.982081234   |      0.136806335      |    0.000765658    | 1.0178709828 |
+--------------+----------+--------------+-----------------------+----------------------+-------------------+----------------+-----------------------+-------------------+--------------+
|     4500     |    4     |    30000     |      3.039506517      |     0.000583912      |    0.007402397    |  2.893799574   |      0.136752048      |    0.000839023    | 0.9895693702 |
+--------------+----------+--------------+-----------------------+----------------------+-------------------+----------------+-----------------------+-------------------+--------------+
|     4500     |    5     |    30000     |      3.059748527      |     0.000521076      |    0.007015536    |  2.910264121   |      0.14101734       |    0.000815275    | 0.996159543  |
+--------------+----------+--------------+-----------------------+----------------------+-------------------+----------------+-----------------------+-------------------+--------------+
|     4500     |    6     |    30000     |      3.199764838      |     0.000579441      |    0.006107793    |  3.053268757   |      0.138881831      |    0.000808431    | 1.0417445259 |
+--------------+----------+--------------+-----------------------+----------------------+-------------------+----------------+-----------------------+-------------------+--------------+
|     4500     |    7     |    30000     |      3.038584002      |     0.000581762      |    0.006500795    |  2.893271173   |      0.137185784      |    0.000924913    | 0.9892690279 |
+--------------+----------+--------------+-----------------------+----------------------+-------------------+----------------+-----------------------+-------------------+--------------+
|     4500     |    8     |    30000     |      3.029382449      |     0.000605436      |    0.006060027    |  2.883573343   |      0.138214754      |    0.000821408    | 0.9862732866 |
+--------------+----------+--------------+-----------------------+----------------------+-------------------+----------------+-----------------------+-------------------+--------------+
|     4500     |    9     |    30000     |      3.038214829      |     0.000516185      |    0.007550288    |  2.889921049   |      0.138967437      |    0.001043849    | 0.9891488365 |
+--------------+----------+--------------+-----------------------+----------------------+-------------------+----------------+-----------------------+-------------------+--------------+
|     4500     |    10    |    30000     |      3.059965767      |     0.000520562      |    0.005810358    |  2.917015447   |      0.135664495      |    0.00082951     | 0.9962302696 |
+--------------+----------+--------------+-----------------------+----------------------+-------------------+----------------+-----------------------+-------------------+--------------+
|     4500     | average  |   30000.0    |     3.0715446622      |     0.0005562356     |   0.0065479621    |  2.9255296687  |     0.1379296611      |   0.0008528383    |     1.0      |
+--------------+----------+--------------+-----------------------+----------------------+-------------------+----------------+-----------------------+-------------------+--------------+
|     5000     |    1     |    30000     |      3.724578869      |     0.000603472      |    0.006220123    |  3.548015899   |      0.168718607      |    0.000915875    | 0.9822122794 |
+--------------+----------+--------------+-----------------------+----------------------+-------------------+----------------+-----------------------+-------------------+--------------+
|     5000     |    2     |    30000     |      3.737396711      |      0.00063149      |    0.007663227    |  3.559186816   |      0.168886468      |    0.000902198    | 0.9855924848 |
+--------------+----------+--------------+-----------------------+----------------------+-------------------+----------------+-----------------------+-------------------+--------------+
|     5000     |    3     |    30000     |      3.850558766      |     0.000632525      |    0.006614364    |  3.674033116   |      0.168206158      |    0.000959454    | 1.0154345593 |
+--------------+----------+--------------+-----------------------+----------------------+-------------------+----------------+-----------------------+-------------------+--------------+
|     5000     |    4     |    30000     |      3.698981974      |     0.000621825      |    0.006872971    |  3.523961884   |      0.166535761      |    0.000869981    | 0.9754620976 |
+--------------+----------+--------------+-----------------------+----------------------+-------------------+----------------+-----------------------+-------------------+--------------+
|     5000     |    5     |    30000     |      3.706221035      |     0.000643467      |    0.007761038    |  3.528308684   |      0.168421864      |    0.000961159    | 0.9773711173 |
+--------------+----------+--------------+-----------------------+----------------------+-------------------+----------------+-----------------------+-------------------+--------------+
|     5000     |    6     |    30000     |      3.721073955      |     0.001254937      |    0.008752853    |  3.538534449   |      0.171410374      |    0.000886349    | 0.9812879951 |
+--------------+----------+--------------+-----------------------+----------------------+-------------------+----------------+-----------------------+-------------------+--------------+
|     5000     |    7     |    30000     |      3.689169893      |     0.000669447      |    0.006661485    |  3.512910341   |      0.167835987      |    0.000968906    | 0.9728745442 |
+--------------+----------+--------------+-----------------------+----------------------+-------------------+----------------+-----------------------+-------------------+--------------+
|     5000     |    8     |    30000     |      3.695285209      |     0.000620509      |    0.006668445    |   3.51979474   |      0.167132318      |    0.000950309    | 0.9744872201 |
+--------------+----------+--------------+-----------------------+----------------------+-------------------+----------------+-----------------------+-------------------+--------------+
|     5000     |    9     |    30000     |      3.782114969      |     0.000642414      |    0.006975308    |  3.603518888   |      0.169899776      |    0.000940534    | 0.9973851797 |
+--------------+----------+--------------+-----------------------+----------------------+-------------------+----------------+-----------------------+-------------------+--------------+
|     5000     |    10    |    30000     |      3.789525488      |     0.000710683      |    0.007672678    |  3.611447598   |      0.168683564      |    0.000802744    | 0.9993394148 |
+--------------+----------+--------------+-----------------------+----------------------+-------------------+----------------+-----------------------+-------------------+--------------+
|     5000     | average  |   30000.0    |     3.7394906869      |     0.0007030769     |   0.0071862492    |  3.5619712415  |     0.1685730877      |   0.0009157509    | 0.9861446892 |
+--------------+----------+--------------+-----------------------+----------------------+-------------------+----------------+-----------------------+-------------------+--------------+
|     5500     |    1     |    30000     |      4.477716194      |     0.000634547      |    0.008307164    |   4.26605559   |      0.201615243      |    0.000992315    | 0.9758866516 |
+--------------+----------+--------------+-----------------------+----------------------+-------------------+----------------+-----------------------+-------------------+--------------+
|     5500     |    2     |    30000     |      4.541124566      |     0.001361234      |    0.009221312    |  4.328353886   |      0.200864627      |     0.0010984     | 0.9897060589 |
+--------------+----------+--------------+-----------------------+----------------------+-------------------+----------------+-----------------------+-------------------+--------------+
|     5500     |    3     |    30000     |      4.560816739      |     0.000719758      |    0.008598293    |  4.348152018   |      0.202248524      |    0.000969506    | 0.9939978291 |
+--------------+----------+--------------+-----------------------+----------------------+-------------------+----------------+-----------------------+-------------------+--------------+
|     5500     |    4     |    30000     |      4.571548493      |     0.000682478      |    0.008065153    |  4.360802608   |      0.200923752      |    0.000949903    | 0.9963367391 |
+--------------+----------+--------------+-----------------------+----------------------+-------------------+----------------+-----------------------+-------------------+--------------+
|     5500     |    5     |    30000     |      4.465529531      |     0.000799401      |    0.009218515    |  4.252716247   |      0.20172128       |    0.000944111    | 0.9732306544 |
+--------------+----------+--------------+-----------------------+----------------------+-------------------+----------------+-----------------------+-------------------+--------------+
|     5500     |    6     |    30000     |      4.567530962      |     0.000751084      |    0.008746384    |  4.355911834   |       0.2009771       |    0.001015885    | 0.9954611466 |
+--------------+----------+--------------+-----------------------+----------------------+-------------------+----------------+-----------------------+-------------------+--------------+
|     5500     |    7     |    30000     |      4.495001442      |      0.00075429      |    0.00900709     |  4.279199685   |      0.204811502      |    0.001083009    | 0.9796538495 |
+--------------+----------+--------------+-----------------------+----------------------+-------------------+----------------+-----------------------+-------------------+--------------+
|     5500     |    8     |    30000     |      4.459218847      |      0.00078562      |    0.008733717    |  4.247941163   |      0.200554313      |    0.001045232    | 0.9718552853 |
+--------------+----------+--------------+-----------------------+----------------------+-------------------+----------------+-----------------------+-------------------+--------------+
|     5500     |    9     |    30000     |      4.467797596      |     0.000810584      |    0.010805003    |  4.252686291   |      0.202365952      |    0.000988189    | 0.9737249632 |
+--------------+----------+--------------+-----------------------+----------------------+-------------------+----------------+-----------------------+-------------------+--------------+
|     5500     |    10    |    30000     |      4.506662591      |     0.000636916      |    0.008482722    |  4.291051858   |      0.205269581      |    0.001003087    | 0.9821953146 |
+--------------+----------+--------------+-----------------------+----------------------+-------------------+----------------+-----------------------+-------------------+--------------+
|     5500     | average  |   30000.0    |     4.5112946961      |     0.0007935912     |   0.0089185353    |  4.298287118   |     0.2021351874      |   0.0010089637    | 0.9832048492 |
+--------------+----------+--------------+-----------------------+----------------------+-------------------+----------------+-----------------------+-------------------+--------------+
|     6000     |    1     |    30000     |      5.306056141      |     0.000756716      |    0.008518851    |  5.056680271   |      0.23892336       |    0.001059482    | 0.9717119259 |
+--------------+----------+--------------+-----------------------+----------------------+-------------------+----------------+-----------------------+-------------------+--------------+
|     6000     |    2     |    30000     |      5.472784665      |      0.00147392      |    0.011138015    |  5.219349775   |      0.239519338      |    0.001130842    | 1.0022453562 |
+--------------+----------+--------------+-----------------------+----------------------+-------------------+----------------+-----------------------+-------------------+--------------+
|     6000     |    3     |    30000     |      5.336592031      |      0.00071702      |    0.008331683    |  5.088067098   |      0.238493152      |    0.000858558    | 0.9773040433 |
+--------------+----------+--------------+-----------------------+----------------------+-------------------+----------------+-----------------------+-------------------+--------------+
|     6000     |    4     |    30000     |      5.33554824       |     0.000718893      |    0.008091228    |  5.084636814   |      0.240919219      |    0.001054218    | 0.9771128911 |
+--------------+----------+--------------+-----------------------+----------------------+-------------------+----------------+-----------------------+-------------------+--------------+
|     6000     |    5     |    30000     |      5.417935537      |     0.000777286      |    0.01240348     |  5.166596946   |      0.23706579       |    0.000970891    | 0.9922006921 |
+--------------+----------+--------------+-----------------------+----------------------+-------------------+----------------+-----------------------+-------------------+--------------+
|     6000     |    6     |    30000     |      5.297287594      |     0.000716481      |    0.00833041     |  5.048830957   |      0.238232002      |    0.001069621    | 0.970106119  |
+--------------+----------+--------------+-----------------------+----------------------+-------------------+----------------+-----------------------+-------------------+--------------+
|     6000     |    7     |    30000     |      5.295397946      |     0.000786188      |    0.00956625     |   5.04580798   |      0.237948992      |    0.001120807    | 0.9697600628 |
+--------------+----------+--------------+-----------------------+----------------------+-------------------+----------------+-----------------------+-------------------+--------------+
|     6000     |    8     |    30000     |      5.329013853      |     0.000773645      |    0.010948876    |  5.076852731   |      0.239164971      |    0.001131093    | 0.9759162317 |
+--------------+----------+--------------+-----------------------+----------------------+-------------------+----------------+-----------------------+-------------------+--------------+
|     6000     |    9     |    30000     |      5.370870621      |     0.000780794      |    0.008175242    |  5.123846207   |      0.236386324      |    0.001541601    | 0.983581571  |
+--------------+----------+--------------+-----------------------+----------------------+-------------------+----------------+-----------------------+-------------------+--------------+
|     6000     |    10    |    30000     |      5.382680384      |     0.000769505      |    0.008420535    |  5.134389892   |      0.237863289      |    0.001116602    | 0.9857443238 |
+--------------+----------+--------------+-----------------------+----------------------+-------------------+----------------+-----------------------+-------------------+--------------+
|     6000     | average  |   30000.0    |     5.3544167012      |     0.0008270448     |    0.009392457    |  5.1045058671  |     0.2384516437      |   0.0011053715    | 0.9805683217 |
+--------------+----------+--------------+-----------------------+----------------------+-------------------+----------------+-----------------------+-------------------+--------------+
|     6500     |    1     |    30000     |      6.288113629      |     0.000815439      |    0.009168842    |  5.998622747   |      0.278179465      |    0.001210419    | 0.9812097627 |
+--------------+----------+--------------+-----------------------+----------------------+-------------------+----------------+-----------------------+-------------------+--------------+
|     6500     |    2     |    30000     |      6.248218713      |     0.000822497      |    0.008658788    |  5.957230128   |      0.280230831      |    0.001142113    | 0.9749844806 |
+--------------+----------+--------------+-----------------------+----------------------+-------------------+----------------+-----------------------+-------------------+--------------+
|     6500     |    3     |    30000     |      6.266731982      |     0.000963698      |    0.010866368    |  5.975369509   |      0.278293899      |    0.001100804    | 0.977873328  |
+--------------+----------+--------------+-----------------------+----------------------+-------------------+----------------+-----------------------+-------------------+--------------+
|     6500     |    4     |    30000     |      6.393100825      |      0.00084944      |    0.01042671     |  6.100487705   |      0.280090884      |    0.001120707    | 0.9975921737 |
+--------------+----------+--------------+-----------------------+----------------------+-------------------+----------------+-----------------------+-------------------+--------------+
|     6500     |    5     |    30000     |      6.249252492      |     0.000851578      |    0.009473783    |  5.958153397   |      0.279399569      |    0.001238937    | 0.9751457936 |
+--------------+----------+--------------+-----------------------+----------------------+-------------------+----------------+-----------------------+-------------------+--------------+
|     6500     |    6     |    30000     |      6.249675435      |     0.000857036      |     0.0111664     |  5.958203982   |      0.278137464      |    0.001178237    | 0.9752117904 |
+--------------+----------+--------------+-----------------------+----------------------+-------------------+----------------+-----------------------+-------------------+--------------+
|     6500     |    7     |    30000     |      6.340404965      |     0.000841537      |    0.010655537    |  6.047913894   |      0.279668568      |    0.00111491     | 0.9893694068 |
+--------------+----------+--------------+-----------------------+----------------------+-------------------+----------------+-----------------------+-------------------+--------------+
|     6500     |    8     |    30000     |      6.291033413      |     0.000908705      |    0.010832375    |  5.994854106   |      0.283059402      |    0.001236337    | 0.9816653716 |
+--------------+----------+--------------+-----------------------+----------------------+-------------------+----------------+-----------------------+-------------------+--------------+
|     6500     |    9     |    30000     |      6.365555896      |     0.000851748      |    0.009696565    |  6.073468212   |      0.280135367      |    0.001292112    | 0.9932940082 |
+--------------+----------+--------------+-----------------------+----------------------+-------------------+----------------+-----------------------+-------------------+--------------+
|     6500     |    10    |    30000     |      6.248938568      |     0.000785371      |    0.008584691    |  5.958895407   |      0.279286847      |    0.001248501    | 0.9750968082 |
+--------------+----------+--------------+-----------------------+----------------------+-------------------+----------------+-----------------------+-------------------+--------------+
|     6500     | average  |   30000.0    |     6.2941025918      |     0.0008547049     |   0.0099530059    |  6.0023199087  |     0.2796482296      |   0.0011883077    | 0.9821442924 |
+--------------+----------+--------------+-----------------------+----------------------+-------------------+----------------+-----------------------+-------------------+--------------+
|     7000     |    1     |    30000     |      7.317586269      |     0.000899654      |    0.010188286    |  6.981456382   |      0.323657718      |    0.001264525    | 0.9845549592 |
+--------------+----------+--------------+-----------------------+----------------------+-------------------+----------------+-----------------------+-------------------+--------------+
|     7000     |    2     |    30000     |      7.197736166      |     0.001620482      |    0.012819798    |  6.860925307   |      0.320967343      |    0.00122374     | 0.9684295581 |
+--------------+----------+--------------+-----------------------+----------------------+-------------------+----------------+-----------------------+-------------------+--------------+
|     7000     |    3     |    30000     |      7.262542615      |     0.001496745      |    0.012594282    |  6.922907171   |      0.324043527      |    0.001254981    | 0.9771490332 |
+--------------+----------+--------------+-----------------------+----------------------+-------------------+----------------+-----------------------+-------------------+--------------+
|     7000     |    4     |    30000     |      7.157550023      |     0.001643308      |    0.012399473    |  6.820685262   |      0.321404886      |    0.001188002    | 0.9630226569 |
+--------------+----------+--------------+-----------------------+----------------------+-------------------+----------------+-----------------------+-------------------+--------------+
|     7000     |    5     |    30000     |      7.309106501      |     0.000922985      |    0.01290218     |  6.976081861   |      0.317725845      |    0.001321555    | 0.9834140368 |
+--------------+----------+--------------+-----------------------+----------------------+-------------------+----------------+-----------------------+-------------------+--------------+
|     7000     |    6     |    30000     |      7.146850346      |     0.000889879      |    0.010379581    |  6.816761558   |      0.317488906      |    0.001202728    | 0.9615830538 |
+--------------+----------+--------------+-----------------------+----------------------+-------------------+----------------+-----------------------+-------------------+--------------+
|     7000     |    7     |    30000     |      7.189691608      |     0.000890175      |    0.011149727    |  6.851630696   |      0.324602674      |    0.001282111    | 0.9673471917 |
+--------------+----------+--------------+-----------------------+----------------------+-------------------+----------------+-----------------------+-------------------+--------------+
|     7000     |    8     |    30000     |      7.206370391      |      0.00100971      |    0.010515127    |   6.87234791   |      0.321398445      |    0.00098461     | 0.9695912621 |
+--------------+----------+--------------+-----------------------+----------------------+-------------------+----------------+-----------------------+-------------------+--------------+
|     7000     |    9     |    30000     |      7.203421513      |     0.000995331      |    0.01083981     |  6.867459127   |      0.322725659      |    0.001259594    | 0.9691945012 |
+--------------+----------+--------------+-----------------------+----------------------+-------------------+----------------+-----------------------+-------------------+--------------+
|     7000     |    10    |    30000     |      7.242474665      |     0.001296589      |    0.010648599    |  6.905752825   |       0.3233149       |    0.001308226    | 0.9744489626 |
+--------------+----------+--------------+-----------------------+----------------------+-------------------+----------------+-----------------------+-------------------+--------------+
|     7000     | average  |   30000.0    |     7.2233330097      |     0.0011664858     |   0.0114436863    |  6.8876008099  |     0.3217329903      |   0.0012290072    | 0.9718735216 |
+--------------+----------+--------------+-----------------------+----------------------+-------------------+----------------+-----------------------+-------------------+--------------+
|     7500     |    1     |    30000     |      8.342296986      |     0.000889256      |    0.011666024    |  7.956592866   |      0.37166956       |    0.001334362    | 0.9777578532 |
+--------------+----------+--------------+-----------------------+----------------------+-------------------+----------------+-----------------------+-------------------+--------------+
|     7500     |    2     |    30000     |      8.245874602      |     0.000956424      |    0.010534579    |  7.865809369   |      0.366892618      |    0.001547315    |  0.96645668  |
+--------------+----------+--------------+-----------------------+----------------------+-------------------+----------------+-----------------------+-------------------+--------------+
|     7500     |    3     |    30000     |      8.255063254      |     0.001085656      |    0.015503655    |  7.868494435   |      0.368366352      |    0.001479958    | 0.9675336348 |
+--------------+----------+--------------+-----------------------+----------------------+-------------------+----------------+-----------------------+-------------------+--------------+
|     7500     |    4     |    30000     |      8.462017473      |     0.000982238      |    0.011405028    |  8.054356529   |      0.394011275      |    0.00114113     | 0.9917896776 |
+--------------+----------+--------------+-----------------------+----------------------+-------------------+----------------+-----------------------+-------------------+--------------+
|     7500     |    5     |    30000     |      9.126059165      |     0.000975407      |    0.012024747    |  8.717052534   |      0.393777533      |    0.002095125    | 1.0696185993 |
+--------------+----------+--------------+-----------------------+----------------------+-------------------+----------------+-----------------------+-------------------+--------------+
|     7500     |    6     |    30000     |      8.707400421      |     0.001324344      |    0.014841805    |   8.31869914   |      0.370814586      |    0.001452372    | 1.0205497547 |
+--------------+----------+--------------+-----------------------+----------------------+-------------------+----------------+-----------------------+-------------------+--------------+
|     7500     |    7     |    30000     |      8.363701825      |     0.001052377      |    0.012224491    |  7.974535527   |      0.374348774      |    0.001383432    | 0.9802666046 |
+--------------+----------+--------------+-----------------------+----------------------+-------------------+----------------+-----------------------+-------------------+--------------+
|     7500     |    8     |    30000     |      8.32229417       |     0.000888544      |    0.011690819    |   7.94033206   |      0.36784694       |    0.001383418    | 0.9754134257 |
+--------------+----------+--------------+-----------------------+----------------------+-------------------+----------------+-----------------------+-------------------+--------------+
|     7500     |    9     |    30000     |      8.322636551      |     0.000999342      |    0.01417054     |  7.934873646   |      0.371070829      |    0.001383811    | 0.9754535544 |
+--------------+----------+--------------+-----------------------+----------------------+-------------------+----------------+-----------------------+-------------------+--------------+
|     7500     |    10    |    30000     |      8.293048558      |     0.000899585      |    0.010154796    |  7.909967755   |      0.370386157      |    0.001493718    | 0.9719856975 |
+--------------+----------+--------------+-----------------------+----------------------+-------------------+----------------+-----------------------+-------------------+--------------+
|     7500     | average  |   30000.0    |     8.4440393005      |     0.0010053173     |   0.0124216484    |  8.0540713861  |     0.3749184624      |   0.0014694641    | 0.9896825482 |
+--------------+----------+--------------+-----------------------+----------------------+-------------------+----------------+-----------------------+-------------------+--------------+
|     8000     |    1     |    30000     |      9.550309285      |     0.000947661      |    0.013108128    |   9.11395395   |      0.420477281      |    0.001674117    | 0.9837973657 |
+--------------+----------+--------------+-----------------------+----------------------+-------------------+----------------+-----------------------+-------------------+--------------+
|     8000     |    2     |    30000     |      9.567162495      |     0.001065733      |    0.015399761    |  9.130155261   |      0.418840759      |    0.001533896    | 0.9855334501 |
+--------------+----------+--------------+-----------------------+----------------------+-------------------+----------------+-----------------------+-------------------+--------------+
|     8000     |    3     |    30000     |      9.648311531      |     0.001049172      |    0.011543386    |  9.210642538   |      0.423631791      |    0.00114247     | 0.9938927823 |
+--------------+----------+--------------+-----------------------+----------------------+-------------------+----------------+-----------------------+-------------------+--------------+
|     8000     |    4     |    30000     |      9.383936125      |     0.001217297      |    0.011626476    |   8.94721502   |      0.421941046      |    0.001809503    | 0.9666589179 |
+--------------+----------+--------------+-----------------------+----------------------+-------------------+----------------+-----------------------+-------------------+--------------+
|     8000     |    5     |    30000     |      9.421295868      |     0.001051858      |    0.011807453    |  8.982958071   |      0.423911124      |    0.001420815    | 0.9705074233 |
+--------------+----------+--------------+-----------------------+----------------------+-------------------+----------------+-----------------------+-------------------+--------------+
|     8000     |    6     |    30000     |      9.859806779      |     0.001070004      |    0.011786248    |  9.421772733   |      0.423525908      |    0.001528424    | 1.0156793509 |
+--------------+----------+--------------+-----------------------+----------------------+-------------------+----------------+-----------------------+-------------------+--------------+
|     8000     |    7     |    30000     |      9.558306315      |     0.001115108      |    0.011747072    |  9.125768539   |      0.418143784      |    0.001405754    | 0.9846211565 |
+--------------+----------+--------------+-----------------------+----------------------+-------------------+----------------+-----------------------+-------------------+--------------+
|     8000     |    8     |    30000     |      9.527031426      |      0.00118683      |    0.014811848    |  9.087805022   |      0.421560504      |    0.001510196    | 0.9813994647 |
+--------------+----------+--------------+-----------------------+----------------------+-------------------+----------------+-----------------------+-------------------+--------------+
|     8000     |    9     |    30000     |      9.552163659      |     0.001040529      |    0.012553033    |  9.113460522   |      0.423441134      |    0.001523212    | 0.9839883886 |
+--------------+----------+--------------+-----------------------+----------------------+-------------------+----------------+-----------------------+-------------------+--------------+
|     8000     |    10    |    30000     |      9.593046969      |      0.00105614      |    0.014294524    |  9.156509585   |      0.419288513      |    0.001671139    | 0.988199864  |
+--------------+----------+--------------+-----------------------+----------------------+-------------------+----------------+-----------------------+-------------------+--------------+
|     8000     | average  |   30000.0    |     9.5661370452      |     0.0010800332     |   0.0128677929    |  9.1290241241  |     0.4214761844      |   0.0015219526    | 0.9854278164 |
+--------------+----------+--------------+-----------------------+----------------------+-------------------+----------------+-----------------------+-------------------+--------------+